mgc_rve_context_lcv "FinalHHAF" "DES" "layout" 1000
mgc_rve_highlight_index 0 "cipher_text4" "#00000000FFFF"
mgc_rve_layer "NDiff"
mr -176.51 65.96 -175.76 66.71
mgc_rve_layer "PDiff"
mr -170.845 68.975 -170.095 70.475
mgc_rve_layer "Metal1"
mp 16 -176.36 66.01 -175.91 66.01 -175.91 66.66 -175.96 66.66 -175.96 67.08 -173.945 67.08 -173.945 68 -173.815 68 -173.815 68.65 -174.465 68.65 -174.465 68 -174.36 68 -174.36 67.43 -176.31 67.43 -176.31 66.66 -176.36 66.66
mp 12 -172.765 67.98 -172.115 67.98 -172.115 68.27 -170.245 68.27 -170.245 70.425 -170.695 70.425 -170.695 69.47 -170.7 69.47 -170.7 68.645 -172.48 68.645 -172.48 68.63 -172.765 68.63
mp 12 -116.76 82.79 -116.11 82.79 -116.11 82.85 -114.085 82.85 -114.085 82.78 -113.435 82.78 -113.435 83.43 -114.085 83.43 -114.085 83.4 -116.11 83.4 -116.11 83.44 -116.76 83.44
mr -109.925 82.97 -109.275 83.62
mp 12 -116.785 343.85 -116.135 343.85 -116.135 343.86 -109.01 343.86 -109.01 343.82 -108.36 343.82 -108.36 344.47 -109.01 344.47 -109.01 344.44 -116.135 344.44 -116.135 344.5 -116.785 344.5
mr -104.85 344.01 -104.2 344.66
mgc_rve_layer "PolyWire"
mp 8 -114.015 82.825 -113.485 82.825 -113.485 81.025 -113.235 81.025 -113.235 85.72 -113.485 85.72 -113.485 83.375 -114.015 83.375
mp 12 -109.865 83.01 -109.315 83.01 -109.315 83.035 -108.605 83.035 -108.605 80.705 -108.355 80.705 -108.355 85.76 -108.605 85.76 -108.605 83.32 -109.315 83.32 -109.315 83.56 -109.865 83.56
mp 8 -108.94 343.865 -108.41 343.865 -108.41 342.065 -108.16 342.065 -108.16 346.76 -108.41 346.76 -108.41 344.415 -108.94 344.415
mp 12 -104.79 344.05 -104.24 344.05 -104.24 344.075 -103.53 344.075 -103.53 341.745 -103.28 341.745 -103.28 346.8 -103.53 346.8 -103.53 344.36 -104.24 344.36 -104.24 344.6 -104.79 344.6
mgc_rve_layer "Metal2"
mp 12 -174.465 68 -173.815 68 -173.815 68.275 -172.765 68.275 -172.765 67.98 -172.115 67.98 -172.115 68.63 -172.765 68.63 -172.765 68.625 -173.815 68.625 -173.815 68.65 -174.465 68.65
mp 16 -116.785 343.85 -116.755 343.85 -116.755 83.44 -116.76 83.44 -116.76 82.79 -116.11 82.79 -116.11 83.44 -116.19 83.44 -116.19 212.03 -116.09 212.03 -116.09 212.68 -116.19 212.68 -116.19 343.85 -116.135 343.85 -116.135 344.5 -116.785 344.5
mp 12 -114.085 82.78 -113.435 82.78 -113.435 83.01 -109.925 83.01 -109.925 82.97 -109.275 82.97 -109.275 83.62 -109.925 83.62 -109.925 83.36 -113.435 83.36 -113.435 83.43 -114.085 83.43
mp 12 -109.01 343.82 -108.36 343.82 -108.36 344.05 -104.85 344.05 -104.85 344.01 -104.2 344.01 -104.2 344.66 -104.85 344.66 -104.85 344.4 -108.36 344.4 -108.36 344.47 -109.01 344.47
mgc_rve_layer "Metal3"
mp 16 -172.765 67.98 -172.115 67.98 -172.115 68.115 -122.82 68.115 -122.82 67.99 -122.17 67.99 -122.17 68.115 -122.095 68.115 -122.095 68.49 -122.17 68.49 -122.17 68.64 -122.82 68.64 -122.82 68.49 -172.115 68.49 -172.115 68.63 -172.765 68.63
mp 12 -122.98 212.02 78.52 212.02 78.52 212.665 -116.09 212.665 -116.09 212.68 -116.74 212.68 -116.74 212.665 -122.16 212.665 -122.16 212.685 -122.81 212.685 -122.81 212.665 -122.98 212.665
mgc_rve_layer "Metal4"
mr -122.895 67.975 -122.095 212.73
mgc_rve_layer "pcoll"
mr -170.845 68.975 -170.095 70.475
mgc_rve_zoom -231.159 5.78 133.169 406.98 1
