mgc_rve_context_lcv "FinalHHAF" "OR" "layout" 1000
mgc_rve_highlight_index 0 "Out" "#EEEEEEEEFFFF"
mgc_rve_layer "NDiff"
mr -6.155 11.415 -5.405 12.165
mr -4.155 11.415 -3.405 12.165
mr -2.155 11.415 -1.405 12.165
mr -0.155 11.415 0.495 12.165
mgc_rve_layer "PDiff"
mr -0.155 19.22 0.495 20.72
mgc_rve_layer "Metal1"
mp 18 -6.005 11.465 -5.555 11.465 -5.555 12.715 -4.005 12.715 -4.005 11.465 -3.555 11.465 -3.555 12.715 -2.005 12.715 -2.005 11.465 -1.555 11.465 -1.555 12.715 -0.005 12.715 -0.005 11.465 0.445 11.465 0.445 20.67 -0.005 20.67 -0.005 13.165 -6.005 13.165
mgc_rve_layer "pcoll"
mr -0.155 19.22 0.495 20.72
mgc_rve_zoom -7.58 9.422 1.92 22.713 1
